 Ages (Myr)       40
    1.00000e-10    1.07143e-10    1.14286e-10    1.21429e-10    1.28571e-10
    1.35714e-10    1.42857e-10    1.50000e-10    1.57143e-10    1.64286e-10
    1.71429e-10    1.78571e-10    1.85714e-10    1.92857e-10    2.00000e-10
        10.0000        13.7260        18.8402        25.8600        35.4954
        48.7208        66.8740        91.7911        125.992        172.936
        237.372        325.816        447.214        613.844        842.560
        1156.49        1587.40        2178.86        2990.70        4105.02
        5634.54        7733.95        10615.6        14570.9        20000.0
 AMR (0.02 is solar)       40
     0.00668483     0.00672155     0.00678879     0.00686777     0.00696205
     0.00708618     0.00722918     0.00740441     0.00765022     0.00790501
     0.00810076     0.00828810     0.00844807     0.00853613     0.00861668
     0.00876049     0.00888785     0.00894854     0.00898284     0.00898037
     0.00886900     0.00873712     0.00861842     0.00847122     0.00831506
     0.00827257     0.00839250     0.00849367     0.00847427     0.00835987
     0.00835299     0.00822377     0.00814789     0.00838523     0.00874498
     0.00901894     0.00977994      0.0134338      0.0259409      0.0331918
