 Ages (Myr)       40
    1.00000e-10    1.07143e-10    1.14286e-10    1.21429e-10    1.28571e-10
    1.35714e-10    1.42857e-10    1.50000e-10    1.57143e-10    1.64286e-10
    1.71429e-10    1.78571e-10    1.85714e-10    1.92857e-10    2.00000e-10
        10.0000        13.7260        18.8402        25.8600        35.4954
        48.7208        66.8740        91.7911        125.992        172.936
        237.372        325.816        447.214        613.844        842.560
        1156.49        1587.40        2178.86        2990.70        4105.02
        5634.54        7733.95        10615.6        14570.9        20000.0
 SFR (Unnormalized Msol/yr)       40
        0.00000        0.00000        0.00000        0.00000        0.00000
        0.00000        0.00000        0.00000        0.00000        0.00000
        0.00000        0.00000        0.00000        0.00000        0.00000
    3.30195e-12    2.72127e-12    2.25641e-12    1.84658e-12    1.53055e-12
    1.26419e-12    1.05465e-12    8.54425e-13    2.48754e-12    4.05228e-12
    3.11100e-12    3.20721e-12    6.49744e-12    3.15220e-11    6.14803e-11
    8.71042e-11    3.41702e-11    9.27412e-12    1.79476e-08    1.12325e-07
    3.51375e-07    9.71860e-07    1.39243e-06    3.48138e-06    5.49873e-06
