 v (km/s)      153
       -907.683       -895.758       -883.832       -871.906       -859.979
       -848.052       -836.124       -824.196       -812.267       -800.338
       -788.408       -776.478       -764.548       -752.616       -740.685
       -728.753       -716.820       -704.888       -692.954       -681.020
       -669.086       -657.151       -645.216       -633.280       -621.344
       -609.407       -597.470       -585.532       -573.594       -561.655
       -549.716       -537.776       -525.836       -513.896       -501.954
       -490.013       -478.071       -466.128       -454.186       -442.242
       -430.298       -418.354       -406.409       -394.464       -382.518
       -370.571       -358.625       -346.677       -334.730       -322.782
       -310.833       -298.884       -286.934       -274.984       -263.033
       -251.082       -239.131       -227.179       -215.226       -203.273
       -191.320       -179.366       -167.412       -155.457       -143.501
       -131.546       -119.589       -107.632       -95.6752       -83.7175
       -71.7593       -59.8006       -47.8414       -35.8818       -23.9217
       -11.9611   -2.72926e-09        11.9616        23.9236        35.8861
        47.8491        59.8125        71.7765        83.7409        95.7058
        107.671        119.637        131.603        143.570        155.537
        167.505        179.473        191.442        203.411        215.381
        227.351        239.322        251.293        263.264        275.236
        287.209        299.182        311.156        323.129        335.104
        347.079        359.054        371.030        383.006        394.983
        406.961        418.938        430.917        442.895        454.875
        466.854        478.835        490.815        502.796        514.778
        526.760        538.743        550.726        562.709        574.693
        586.678        598.663        610.648        622.634        634.620
        646.607        658.595        670.582        682.571        694.560
        706.549        718.539        730.529        742.519        754.511
        766.502        778.494        790.487        802.480        814.474
        826.468        838.462        850.457        862.453        874.449
        886.445        898.442        910.439
 g(v)      153
     0.00302135     0.00301989     0.00301846     0.00301707     0.00301570
     0.00301433     0.00301294     0.00301153     0.00301014     0.00300877
     0.00300742     0.00300605     0.00300468     0.00300328     0.00300186
     0.00300042     0.00299899     0.00299757     0.00299616     0.00299477
     0.00299340     0.00299204     0.00299068     0.00298932     0.00298799
     0.00298669     0.00298542     0.00298414     0.00298283     0.00298150
     0.00298019     0.00297888     0.00297758     0.00297627     0.00297493
     0.00297356     0.00297218     0.00297081     0.00296945     0.00296811
     0.00296677     0.00296535     0.00296386     0.00296234     0.00296097
     0.00295975     0.00295859     0.00295741     0.00295615     0.00295486
     0.00295361     0.00295286     0.00295217     0.00295153     0.00295093
     0.00295037     0.00294983     0.00294931     0.00294879     0.00294826
     0.00294772     0.00294725     0.00294721     0.00294916     0.00295896
     0.00299564     0.00311284     0.00344472     0.00430088     0.00636492
      0.0110298      0.0205526      0.0369713      0.0590148      0.0794459
      0.0879567      0.0794938      0.0590859      0.0370378      0.0206018
      0.0110625     0.00638741     0.00431842     0.00346058     0.00312872
     0.00301232     0.00297671     0.00296799     0.00296704     0.00296795
     0.00296912     0.00297019     0.00297108     0.00297177     0.00297226
     0.00297256     0.00297268     0.00297262     0.00297241     0.00297203
     0.00297151     0.00297086     0.00296936     0.00296774     0.00296603
     0.00296423     0.00296235     0.00296040     0.00295839     0.00295634
     0.00295425     0.00295215     0.00295003     0.00294791     0.00294581
     0.00294372     0.00294166     0.00293963     0.00293764     0.00293569
     0.00293379     0.00293193     0.00293012     0.00292835     0.00292664
     0.00292497     0.00292335     0.00292177     0.00292025     0.00291879
     0.00291740     0.00291609     0.00291484     0.00291366     0.00291257
     0.00291155     0.00291062     0.00290977     0.00290900     0.00290831
     0.00290770     0.00290716     0.00290669     0.00290627     0.00290592
     0.00290561     0.00290535     0.00290513     0.00290495     0.00290481
     0.00290468     0.00290458     0.00290450
 MC         1  of         5
     0.00337311     0.00337204     0.00337098     0.00336994     0.00336891
     0.00336788     0.00336683     0.00336577     0.00336472     0.00336369
     0.00336266     0.00336163     0.00336059     0.00335954     0.00335848
     0.00335741     0.00335634     0.00335528     0.00335422     0.00335317
     0.00335213     0.00335109     0.00335005     0.00334901     0.00334798
     0.00334696     0.00334596     0.00334496     0.00334394     0.00334292
     0.00334190     0.00334090     0.00333991     0.00333892     0.00333792
     0.00333692     0.00333593     0.00333494     0.00333397     0.00333301
     0.00333206     0.00333107     0.00333004     0.00332899     0.00332801
     0.00332709     0.00332620     0.00332526     0.00332427     0.00332325
     0.00332222     0.00332161     0.00332100     0.00332041     0.00331984
     0.00331928     0.00331874     0.00331822     0.00331771     0.00331722
     0.00331676     0.00331642     0.00331660     0.00331907     0.00333041
     0.00337202     0.00350428     0.00387824     0.00484250     0.00716685
      0.0124197      0.0231417      0.0416240      0.0664308      0.0894125
      0.0989646      0.0894074      0.0664232      0.0416168      0.0231364
      0.0124160     0.00716429     0.00484045     0.00387632     0.00350228
     0.00336982     0.00332795     0.00331631     0.00331352     0.00331298
     0.00331294     0.00331298     0.00331303     0.00331307     0.00331309
     0.00331310     0.00331310     0.00331308     0.00331305     0.00331301
     0.00331295     0.00331288     0.00331263     0.00331237     0.00331210
     0.00331183     0.00331156     0.00331128     0.00331100     0.00331072
     0.00331044     0.00331017     0.00330991     0.00330965     0.00330941
     0.00330917     0.00330894     0.00330873     0.00330853     0.00330834
     0.00330816     0.00330799     0.00330783     0.00330768     0.00330754
     0.00330742     0.00330729     0.00330718     0.00330708     0.00330698
     0.00330690     0.00330683     0.00330676     0.00330671     0.00330667
     0.00330665     0.00330663     0.00330663     0.00330664     0.00330667
     0.00330671     0.00330676     0.00330682     0.00330690     0.00330698
     0.00330708     0.00330718     0.00330730     0.00330743     0.00330756
     0.00330770     0.00330785     0.00330800
 MC         2  of         5
     0.00312842     0.00312680     0.00312520     0.00312363     0.00312208
     0.00312052     0.00311895     0.00311736     0.00311578     0.00311423
     0.00311269     0.00311114     0.00310958     0.00310800     0.00310641
     0.00310480     0.00310320     0.00310160     0.00310001     0.00309843
     0.00309686     0.00309530     0.00309374     0.00309218     0.00309064
     0.00308913     0.00308763     0.00308613     0.00308462     0.00308309
     0.00308158     0.00308008     0.00307860     0.00307711     0.00307561
     0.00307411     0.00307261     0.00307111     0.00306964     0.00306820
     0.00306675     0.00306526     0.00306369     0.00306211     0.00306064
     0.00305927     0.00305795     0.00305658     0.00305514     0.00305365
     0.00305218     0.00305127     0.00305039     0.00304955     0.00304874
     0.00304797     0.00304722     0.00304650     0.00304581     0.00304513
     0.00304449     0.00304396     0.00304391     0.00304595     0.00305615
     0.00309412     0.00321528     0.00355818     0.00444263     0.00657475
      0.0113932      0.0212287      0.0381831      0.0609402      0.0820248
      0.0907921      0.0820302      0.0609483      0.0381906      0.0212341
      0.0113967     0.00657710     0.00444440     0.00355971     0.00321672
     0.00309552     0.00305749     0.00304721     0.00304501     0.00304484
     0.00304509     0.00304536     0.00304559     0.00304575     0.00304585
     0.00304588     0.00304585     0.00304576     0.00304562     0.00304542
     0.00304517     0.00304488     0.00304416     0.00304341     0.00304262
     0.00304181     0.00304098     0.00304013     0.00303927     0.00303841
     0.00303755     0.00303669     0.00303584     0.00303501     0.00303419
     0.00303339     0.00303261     0.00303186     0.00303113     0.00303043
     0.00302975     0.00302910     0.00302847     0.00302787     0.00302729
     0.00302672     0.00302618     0.00302566     0.00302517     0.00302470
     0.00302426     0.00302385     0.00302347     0.00302312     0.00302281
     0.00302253     0.00302229     0.00302208     0.00302191     0.00302177
     0.00302167     0.00302161     0.00302157     0.00302156     0.00302158
     0.00302162     0.00302169     0.00302178     0.00302188     0.00302201
     0.00302214     0.00302229     0.00302245
 MC         3  of         5
     0.00315719     0.00315394     0.00315073     0.00314758     0.00314446
     0.00314133     0.00313816     0.00313495     0.00313178     0.00312865
     0.00312554     0.00312242     0.00311927     0.00311608     0.00311287
     0.00310962     0.00310638     0.00310316     0.00309996     0.00309679
     0.00309363     0.00309049     0.00308735     0.00308422     0.00308112
     0.00307807     0.00307506     0.00307205     0.00306899     0.00306590
     0.00306283     0.00305981     0.00305681     0.00305381     0.00305077
     0.00304772     0.00304468     0.00304167     0.00303870     0.00303577
     0.00303285     0.00302980     0.00302659     0.00302332     0.00302026
     0.00301742     0.00301464     0.00301173     0.00300860     0.00300535
     0.00300208     0.00300019     0.00299833     0.00299652     0.00299476
     0.00299304     0.00299138     0.00298977     0.00298820     0.00298670
     0.00298525     0.00298395     0.00298316     0.00298446     0.00299377
     0.00303033     0.00314835     0.00348345     0.00434853     0.00643437
      0.0111481      0.0207687      0.0373501      0.0596021      0.0802119
      0.0887728      0.0801955      0.0595777      0.0373271      0.0207515
      0.0111364     0.00642619     0.00434199     0.00347735     0.00314202
     0.00302340     0.00298605     0.00297582     0.00297352     0.00297323
     0.00297335     0.00297354     0.00297370     0.00297381     0.00297389
     0.00297392     0.00297390     0.00297384     0.00297373     0.00297358
     0.00297339     0.00297317     0.00297226     0.00297133     0.00297038
     0.00296940     0.00296841     0.00296741     0.00296641     0.00296540
     0.00296441     0.00296342     0.00296245     0.00296150     0.00296057
     0.00295966     0.00295878     0.00295793     0.00295711     0.00295632
     0.00295555     0.00295480     0.00295408     0.00295338     0.00295271
     0.00295205     0.00295141     0.00295079     0.00295020     0.00294963
     0.00294910     0.00294860     0.00294813     0.00294769     0.00294730
     0.00294694     0.00294663     0.00294635     0.00294612     0.00294594
     0.00294579     0.00294569     0.00294562     0.00294559     0.00294560
     0.00294564     0.00294571     0.00294581     0.00294593     0.00294607
     0.00294624     0.00294642     0.00294661
 MC         4  of         5
     0.00325511     0.00325362     0.00325218     0.00325078     0.00324942
     0.00324806     0.00324668     0.00324529     0.00324393     0.00324260
     0.00324129     0.00323997     0.00323864     0.00323730     0.00323594
     0.00323456     0.00323320     0.00323185     0.00323052     0.00322923
     0.00322796     0.00322671     0.00322547     0.00322424     0.00322304
     0.00322189     0.00322076     0.00321963     0.00321847     0.00321728
     0.00321609     0.00321490     0.00321371     0.00321249     0.00321121
     0.00320990     0.00320855     0.00320720     0.00320585     0.00320450
     0.00320315     0.00320171     0.00320017     0.00319862     0.00319722
     0.00319601     0.00319489     0.00319376     0.00319256     0.00319134
     0.00319018     0.00318953     0.00318895     0.00318843     0.00318796
     0.00318752     0.00318708     0.00318662     0.00318611     0.00318553
     0.00318487     0.00318420     0.00318392     0.00318571     0.00319592
     0.00323510     0.00336119     0.00371901     0.00464273     0.00687011
      0.0119044      0.0221818      0.0399028      0.0637004      0.0857705
      0.0949847      0.0858735      0.0638533      0.0400462      0.0222878
      0.0119752     0.00691883     0.00468086     0.00375360     0.00339597
     0.00327180     0.00323518     0.00322763     0.00322836     0.00323093
     0.00323361     0.00323598     0.00323794     0.00323950     0.00324064
     0.00324139     0.00324178     0.00324181     0.00324151     0.00324090
     0.00324001     0.00323886     0.00323655     0.00323404     0.00323133
     0.00322844     0.00322537     0.00322216     0.00321884     0.00321542
     0.00321192     0.00320835     0.00320476     0.00320114     0.00319753
     0.00319394     0.00319039     0.00318689     0.00318346     0.00318011
     0.00317683     0.00317365     0.00317055     0.00316755     0.00316464
     0.00316183     0.00315910     0.00315647     0.00315394     0.00315154
     0.00314927     0.00314713     0.00314512     0.00314325     0.00314152
     0.00313994     0.00313851     0.00313723     0.00313612     0.00313515
     0.00313433     0.00313363     0.00313305     0.00313258     0.00313221
     0.00313193     0.00313174     0.00313162     0.00313157     0.00313158
     0.00313164     0.00313174     0.00313188
 MC         5  of         5
     0.00344476     0.00344390     0.00344304     0.00344219     0.00344136
     0.00344051     0.00343966     0.00343879     0.00343794     0.00343709
     0.00343625     0.00343541     0.00343455     0.00343369     0.00343282
     0.00343194     0.00343106     0.00343019     0.00342932     0.00342845
     0.00342759     0.00342674     0.00342588     0.00342502     0.00342417
     0.00342334     0.00342251     0.00342168     0.00342084     0.00341999
     0.00341914     0.00341830     0.00341747     0.00341664     0.00341579
     0.00341494     0.00341409     0.00341325     0.00341242     0.00341159
     0.00341077     0.00340991     0.00340901     0.00340808     0.00340721
     0.00340640     0.00340560     0.00340476     0.00340386     0.00340292
     0.00340198     0.00340144     0.00340091     0.00340040     0.00339989
     0.00339941     0.00339893     0.00339848     0.00339804     0.00339761
     0.00339723     0.00339696     0.00339722     0.00339982     0.00341152
     0.00345422     0.00358978     0.00397295     0.00496084     0.00734211
      0.0127236      0.0237083      0.0426434      0.0680583      0.0916035
       0.101390      0.0915985      0.0680509      0.0426364      0.0237031
      0.0127200     0.00733964     0.00495887     0.00397112     0.00358789
     0.00345216     0.00340923     0.00339727     0.00339438     0.00339380
     0.00339374     0.00339377     0.00339381     0.00339384     0.00339386
     0.00339387     0.00339386     0.00339385     0.00339382     0.00339379
     0.00339374     0.00339368     0.00339346     0.00339323     0.00339299
     0.00339275     0.00339251     0.00339226     0.00339201     0.00339176
     0.00339151     0.00339127     0.00339103     0.00339080     0.00339057
     0.00339034     0.00339013     0.00338991     0.00338971     0.00338951
     0.00338932     0.00338913     0.00338895     0.00338878     0.00338861
     0.00338844     0.00338828     0.00338813     0.00338798     0.00338784
     0.00338770     0.00338758     0.00338747     0.00338736     0.00338727
     0.00338719     0.00338712     0.00338706     0.00338701     0.00338698
     0.00338696     0.00338696     0.00338696     0.00338697     0.00338700
     0.00338703     0.00338708     0.00338713     0.00338719     0.00338725
     0.00338732     0.00338739     0.00338747
