 Ages (Myr)       40
    1.00000e-10    1.07143e-10    1.14286e-10    1.21429e-10    1.28571e-10
    1.35714e-10    1.42857e-10    1.50000e-10    1.57143e-10    1.64286e-10
    1.71429e-10    1.78571e-10    1.85714e-10    1.92857e-10    2.00000e-10
        10.0000        13.7260        18.8402        25.8600        35.4954
        48.7208        66.8740        91.7911        125.992        172.936
        237.372        325.816        447.214        613.844        842.560
        1156.49        1587.40        2178.86        2990.70        4105.02
        5634.54        7733.95        10615.6        14570.9        20000.0
 SAD (flux fractions)       40
    7.01136e-07    4.93648e-07    3.03226e-07    1.44659e-07    4.00810e-08
    6.71090e-11    3.49248e-08    1.46087e-07    3.41996e-07    3.31814e-05
    3.31826e-05    3.31826e-05    3.31814e-05    3.31814e-05    3.31814e-05
    3.35821e-07    3.35814e-07    3.38126e-07    3.36124e-07    3.38556e-07
    3.40254e-07    3.30246e-07    2.69580e-07    8.06612e-07    1.29638e-06
    9.44894e-07    9.20320e-07    1.77551e-06    8.10797e-06    1.48097e-05
    2.00388e-05    6.78201e-06    1.62141e-06     0.00284432      0.0164945
      0.0467229       0.113560       0.140293       0.271936       0.407886
