 Ages (Myr)       10
        70.8000        130.827        241.746        446.706        825.439
        1525.28        2818.46        5208.04        9623.59        17782.8
 SAD (flux fractions)       10
      0.0814737      0.0837790      0.0856536      0.0884554      0.0953050
       0.105241       0.111656       0.115091       0.117943       0.120903
 MC         1  of         5
       0.304795       0.254915       0.171008      0.0939544      0.0422839
      0.0148473     0.00392782    0.000888184    0.000267246    0.000175992
 MC         2  of         5
       0.103825       0.158303       0.191466       0.184143       0.153658
      0.0994487      0.0472170      0.0166491     0.00462644     0.00111136
 MC         3  of         5
       0.251511       0.266006       0.204707       0.129321      0.0707021
      0.0319158      0.0103687     0.00255389    0.000640129    0.000294991
 MC         4  of         5
     0.00334841      0.0120220      0.0326665      0.0706719       0.124588
       0.194889       0.216550       0.172093       0.103833      0.0485560
 MC         5  of         5
       0.150792       0.206467       0.204301       0.154037      0.0951821
      0.0464362      0.0172547     0.00500401     0.00119942    0.000294869
