 Ages (Myr)       10
        70.8000        130.827        241.746        446.706        825.439
        1525.28        2818.46        5208.04        9623.59        17782.8
 Masses in each time bin       10
        33.2104        45.5214        73.1728        121.805        245.672
        481.437        968.295        1745.74        3102.39        5132.39
 MC         1  of         5
        124.241        138.508        146.090        129.377        108.997
        67.9211        34.0626        13.4723        7.02967        7.47092
 MC         2  of         5
        42.3214        86.0143        163.567        253.568        396.092
        454.942        409.473        252.539        121.695        47.1778
 MC         3  of         5
        102.521        144.535        174.879        178.077        182.252
        146.003        89.9187        38.7382        16.8380        12.5225
 MC         4  of         5
        1.36488        6.53215        27.9066        97.3165        321.156
        891.548        1877.95        2610.37        2731.24        2061.22
 MC         5  of         5
        61.4659        112.184        174.532        212.113        245.356
        212.429        149.635        75.9026        31.5497        12.5173
