 Ages (Myr)       10
        70.8000        130.827        241.746        446.706        825.439
        1525.28        2818.46        5208.04        9623.59        17782.8
 AMR (0.02 is solar)       10
     0.00722759     0.00522066     0.00668097     0.00689590      0.0129107
      0.0156587      0.0157483      0.0174918      0.0187945      0.0227032
 MC         1  of         5
      0.0212871      0.0294016      0.0329574      0.0337683      0.0328660
      0.0322156      0.0332188      0.0331058      0.0330783      0.0330729
 MC         2  of         5
      0.0157822     0.00977955     0.00718871      0.0130550      0.0329125
      0.0202174      0.0142153      0.0118472      0.0108941      0.0106229
 MC         3  of         5
     0.00663178     0.00114120     0.00533015     0.00624190      0.0123203
     0.00950944     0.00754578     0.00698505     0.00685017     0.00682734
 MC         4  of         5
     0.00388679     0.00351450     0.00294840     0.00341865     0.00388798
      0.0257142      0.0300306      0.0229572      0.0119064     0.00695819
 MC         5  of         5
    0.000990955    0.000996424    0.000996582    0.000990908    0.000980333
    0.000997255    0.000993166    0.000983786    0.000980582    0.000979880
