 Ages (Myr)       10
        70.8000        130.827        241.746        446.706        825.439
        1525.28        2818.46        5208.04        9623.59        17782.8
 SFR (Unnormalized Msol/yr)       10
    7.47962e-07    5.54828e-07    4.82646e-07    4.34791e-07    4.74580e-07
    5.03304e-07    5.47816e-07    5.34494e-07    5.14040e-07    4.60212e-07
 MC         1  of         5
    3.17174e-06    1.91358e-06    1.09226e-06    5.23480e-07    2.38669e-07
    8.04864e-08    2.18440e-08    4.67555e-09    1.32027e-09    7.59346e-10
 MC         2  of         5
    9.97868e-07    1.09754e-06    1.12949e-06    9.47587e-07    8.01047e-07
    4.97914e-07    2.42527e-07    8.09470e-08    2.11096e-08    4.42878e-09
 MC         3  of         5
    2.39838e-06    1.82983e-06    1.19816e-06    6.60271e-07    3.65699e-07
    1.58544e-07    5.28415e-08    1.23197e-08    2.89795e-09    1.16634e-09
 MC         4  of         5
    3.15648e-08    8.17525e-08    1.89012e-07    3.56702e-07    6.37047e-07
    9.57057e-07    1.09097e-06    8.20672e-07    4.64691e-07    1.89787e-07
 MC         5  of         5
    1.58001e-06    1.56061e-06    1.31394e-06    8.64180e-07    5.40967e-07
    2.53469e-07    9.66236e-08    2.65242e-08    5.96649e-09    1.28106e-09
