 Ages (Myr)       40
    1.00000e-10    1.07143e-10    1.14286e-10    1.21429e-10    1.28571e-10
    1.35714e-10    1.42857e-10    1.50000e-10    1.57143e-10    1.64286e-10
    1.71429e-10    1.78571e-10    1.85714e-10    1.92857e-10    2.00000e-10
        10.0000        13.7260        18.8402        25.8600        35.4954
        48.7208        66.8740        91.7911        125.992        172.936
        237.372        325.816        447.214        613.844        842.560
        1156.49        1587.40        2178.86        2990.70        4105.02
        5634.54        7733.95        10615.6        14570.9        20000.0
 Masses in each time bin       40
        0.00000        0.00000        0.00000        0.00000        0.00000
        0.00000        0.00000        0.00000        0.00000        0.00000
        0.00000        0.00000        0.00000        0.00000        0.00000
    0.000119918    0.000120096    0.000121008    0.000120340    0.000121207
    0.000121657    0.000123332    0.000121417    0.000429556    0.000850335
    0.000793291    0.000993806     0.00244657      0.0144235      0.0341849
      0.0588545      0.0280563     0.00925331        21.7607        165.495
        629.102        2114.44        3681.34        11184.8        21467.4
