 v (km/s)      313
       -3001.25       -2982.17       -2963.09       -2944.00       -2924.92
       -2905.83       -2886.74       -2867.65       -2848.56       -2829.47
       -2810.38       -2791.28       -2772.19       -2753.09       -2734.00
       -2714.90       -2695.80       -2676.70       -2657.59       -2638.49
       -2619.38       -2600.28       -2581.17       -2562.06       -2542.95
       -2523.84       -2504.73       -2485.62       -2466.50       -2447.38
       -2428.27       -2409.15       -2390.03       -2370.91       -2351.79
       -2332.66       -2313.54       -2294.41       -2275.29       -2256.16
       -2237.03       -2217.90       -2198.77       -2179.63       -2160.50
       -2141.36       -2122.22       -2103.09       -2083.95       -2064.81
       -2045.66       -2026.52       -2007.38       -1988.23       -1969.09
       -1949.94       -1930.79       -1911.64       -1892.49       -1873.33
       -1854.18       -1835.02       -1815.87       -1796.71       -1777.55
       -1758.39       -1739.23       -1720.07       -1700.90       -1681.74
       -1662.57       -1643.40       -1624.23       -1605.06       -1585.89
       -1566.72       -1547.55       -1528.37       -1509.19       -1490.02
       -1470.84       -1451.66       -1432.48       -1413.29       -1394.11
       -1374.93       -1355.74       -1336.55       -1317.36       -1298.17
       -1278.98       -1259.79       -1240.60       -1221.40       -1202.21
       -1183.01       -1163.81       -1144.61       -1125.41       -1106.21
       -1087.00       -1067.80       -1048.59       -1029.39       -1010.18
       -990.967       -971.756       -952.544       -933.331       -914.116
       -894.901       -875.684       -856.465       -837.246       -818.025
       -798.803       -779.580       -760.355       -741.130       -721.903
       -702.675       -683.445       -664.215       -644.983       -625.750
       -606.515       -587.280       -568.043       -548.805       -529.566
       -510.325       -491.083       -471.840       -452.596       -433.350
       -414.104       -394.856       -375.607       -356.356       -337.105
       -317.852       -298.598       -279.342       -260.086       -240.828
       -221.569       -202.308       -183.047       -163.784       -144.520
       -125.255       -105.988       -86.7203       -67.4513       -48.1810
       -28.9095       -9.63682        9.63713        28.9123        48.1888
        67.4664        86.7453        106.025        125.307        144.590
        163.873        183.159        202.445        221.732        241.021
        260.311        279.603        298.895        318.189        337.484
        356.780        376.078        395.377        414.677        433.978
        453.280        472.584        491.889        511.195        530.503
        549.811        569.121        588.432        607.745        627.058
        646.373        665.689        685.007        704.325        723.645
        742.966        762.289        781.612        800.937        820.263
        839.591        858.919        878.249        897.580        916.912
        936.246        955.581        974.917        994.254        1013.59
        1032.93        1052.27        1071.62        1090.96        1110.30
        1129.65        1149.00        1168.35        1187.69        1207.05
        1226.40        1245.75        1265.11        1284.46        1303.82
        1323.18        1342.54        1361.90        1381.26        1400.62
        1419.99        1439.35        1458.72        1478.09        1497.46
        1516.83        1536.20        1555.58        1574.95        1594.33
        1613.70        1633.08        1652.46        1671.84        1691.22
        1710.61        1729.99        1749.38        1768.76        1788.15
        1807.54        1826.93        1846.32        1865.72        1885.11
        1904.51        1923.91        1943.30        1962.70        1982.10
        2001.51        2020.91        2040.31        2059.72        2079.13
        2098.53        2117.94        2137.36        2156.77        2176.18
        2195.59        2215.01        2234.43        2253.85        2273.27
        2292.69        2312.11        2331.53        2350.96        2370.38
        2389.81        2409.24        2428.67        2448.10        2467.53
        2486.96        2506.40        2525.83        2545.27        2564.71
        2584.15        2603.59        2623.03        2642.47        2661.92
        2681.36        2700.81        2720.26        2739.71        2759.16
        2778.61        2798.06        2817.52        2836.97        2856.43
        2875.89        2895.35        2914.81        2934.27        2953.73
        2973.20        2992.66        3012.13
 g(v)      313
    3.40968e-08    5.58818e-08    7.09358e-08    6.85460e-08    4.64772e-08
    1.60634e-08    4.73781e-11    1.35781e-08    4.46007e-08    6.83802e-08
    7.64688e-08    7.61824e-08    7.47355e-08    7.38688e-08    7.28238e-08
    7.10796e-08    6.79187e-08    6.08409e-08    4.61410e-08    2.33840e-08
    2.51656e-09    1.03932e-08    9.45521e-08    3.10243e-07    6.65815e-07
    1.05482e-06    1.28762e-06    1.22112e-06    8.58441e-07    3.94397e-07
    8.72354e-08    5.92588e-10    2.05893e-08    5.07271e-08    6.67001e-08
    7.35501e-08    7.71347e-08    7.91290e-08    7.81209e-08    7.14999e-08
    5.86949e-08    4.30961e-08    2.96282e-08    2.09039e-08    1.65812e-08
    1.50899e-08    1.48226e-08    1.45418e-08    1.38354e-08    1.34479e-08
    1.51310e-08    2.15447e-08    3.59098e-08    5.82537e-08    7.93451e-08
    8.60432e-08    7.89656e-08    7.22350e-08    7.46125e-08    8.20369e-08
    8.52218e-08    8.22591e-08    7.90123e-08    7.81594e-08    7.24202e-08
    4.94770e-08    1.37169e-08    1.78773e-09    4.87140e-08    1.39791e-07
    2.25139e-07    2.75682e-07    3.05695e-07    3.58483e-07    4.99901e-07
    8.40247e-07    1.54432e-06    2.66044e-06    3.61964e-06    3.18229e-06
    1.25248e-06    1.21256e-08    5.77987e-07    1.26783e-06    9.65332e-07
    3.25448e-07    2.18860e-08    1.65249e-08    3.42078e-08    1.44035e-09
    3.96395e-07    2.95630e-06    1.18991e-05    3.51839e-05    8.49622e-05
    0.000176267    0.000320791    0.000509816    0.000691034    0.000775039
    0.000702118    0.000508741    0.000298332    0.000147527    6.60840e-05
    2.96997e-05    1.54525e-05    1.09794e-05    1.16396e-05    1.72035e-05
    3.02622e-05    5.51412e-05    9.56435e-05    0.000151623    0.000217544
    0.000286030    0.000352899    0.000417269    0.000475993    0.000516710
    0.000518516    0.000466223    0.000367267    0.000251692    0.000152362
    8.57109e-05    5.02525e-05    3.78237e-05    4.59384e-05    9.43371e-05
    0.000252374    0.000729334     0.00233221     0.00599047      0.0115161
      0.0172198      0.0209054      0.0213614      0.0191405      0.0158580
      0.0134727      0.0135150      0.0168213      0.0229464      0.0300767
      0.0360963      0.0397979      0.0409856      0.0406128      0.0397720
      0.0389370      0.0376632      0.0351758      0.0317932      0.0290495
      0.0287977      0.0318000      0.0367774      0.0412270      0.0423005
      0.0386931      0.0310563      0.0221640      0.0151249      0.0114114
      0.0103091      0.0105042      0.0115174      0.0130129      0.0143417
      0.0146230      0.0132607      0.0102610     0.00644269     0.00315437
     0.00122225    0.000367357    9.02399e-05    1.60329e-05    1.36034e-06
    3.70778e-08    7.21091e-07    1.51533e-06    2.16484e-06    2.74381e-06
    3.35368e-06    4.01009e-06    4.60270e-06    4.89972e-06    4.68966e-06
    3.72280e-06    2.07825e-06    6.88500e-07    2.55824e-07    5.47575e-07
    1.69960e-06    3.27870e-06    4.32627e-06    4.60605e-06    4.45868e-06
    4.22048e-06    4.05752e-06    3.98682e-06    3.91277e-06    3.69724e-06
    3.30853e-06    2.94135e-06    2.89427e-06    3.27318e-06    3.68120e-06
    3.27818e-06    1.90350e-06    6.11453e-07    8.60962e-08    1.01415e-09
    3.73256e-09    6.49104e-09    6.30153e-09    4.59467e-09    1.42824e-09
    3.32500e-10    1.00970e-08    4.18481e-08    1.08788e-07    2.37998e-07
    4.94997e-07    9.98973e-07    1.82228e-06    2.54151e-06    1.80986e-06
    7.45551e-09    5.40921e-06    2.56692e-05    4.43673e-05    3.98866e-05
    2.13313e-05    7.28288e-06    1.54517e-06    1.47921e-07    8.14003e-14
    1.38478e-09    5.13046e-08    6.21133e-07    2.59408e-06    6.43344e-06
    1.07511e-05    1.24618e-05    9.95235e-06    5.35272e-06    1.81978e-06
    3.03045e-07    1.33699e-09    4.30034e-08    6.95192e-08    5.42514e-08
    4.09207e-08    5.20904e-08    8.63680e-08    1.08704e-07    8.35197e-08
    2.60151e-08    3.94780e-10    1.90809e-08    5.88358e-10    1.77974e-07
    1.11419e-06    2.41448e-06    3.03736e-06    2.91091e-06    2.64995e-06
    2.66522e-06    2.96944e-06    3.12821e-06    2.33465e-06    5.86813e-07
    2.91325e-07    4.38139e-06    1.04690e-05    1.05700e-05    4.16201e-06
    1.18555e-07    8.80833e-07    2.44477e-06    3.16947e-06    3.39277e-06
    3.49593e-06    3.57804e-06    3.47913e-06    2.97346e-06    2.20531e-06
    1.56341e-06    1.16274e-06    9.15680e-07    7.25128e-07    5.35600e-07
    3.75979e-07    2.86702e-07    2.69322e-07    3.18087e-07    3.97585e-07
    4.03698e-07    2.82686e-07    1.21595e-07    2.95442e-08    3.91762e-09
    2.46151e-10    9.67107e-13    5.68598e-12    8.30852e-12    1.05061e-11
    1.88668e-11    2.03543e-11    3.09858e-13
