 Ages (Myr)       40
    1.00000e-10    1.11111e-10    1.22222e-10    1.33333e-10    1.44444e-10
    1.55556e-10    1.66667e-10    1.77778e-10    1.88889e-10    2.00000e-10
        10.0000        12.9966        16.8911        21.9526        28.5308
        37.0803        48.1916        62.6326        81.4009        105.793
        137.495        178.696        232.243        301.837        392.284
        509.835        662.610        861.165        1119.22        1454.60
        1890.48        2456.98        3193.23        4150.10        5393.70
        7009.96        9110.54        11840.6        15388.7        20000.0
 AMR (0.02 is solar)       40
      0.0107832      0.0107980      0.0109163      0.0110704      0.0111932
      0.0112709      0.0113756      0.0114401      0.0114723      0.0114841
      0.0114304      0.0113647      0.0112958      0.0112928      0.0113615
      0.0114962      0.0115386      0.0115206      0.0114545      0.0113932
      0.0113833      0.0115858      0.0117149      0.0118382      0.0120220
      0.0122766      0.0125774      0.0128219      0.0129540      0.0131271
      0.0132411      0.0132436      0.0132251      0.0132685      0.0132436
      0.0132103      0.0132447      0.0132801      0.0132314      0.0131434
