 Ages (Myr)       40
    1.00000e-10    1.11111e-10    1.22222e-10    1.33333e-10    1.44444e-10
    1.55556e-10    1.66667e-10    1.77778e-10    1.88889e-10    2.00000e-10
        10.0000        12.9966        16.8911        21.9526        28.5308
        37.0803        48.1916        62.6326        81.4009        105.793
        137.495        178.696        232.243        301.837        392.284
        509.835        662.610        861.165        1119.22        1454.60
        1890.48        2456.98        3193.23        4150.10        5393.70
        7009.96        9110.54        11840.6        15388.7        20000.0
 Masses in each time bin       40
        0.00000        0.00000        0.00000        0.00000        0.00000
        0.00000        0.00000        0.00000        0.00000        0.00000
       0.343474       0.338808       0.336713       0.332292       0.328515
       0.324703       0.308843       0.306340      0.0957495      0.0170776
        16.0528     0.00609682       0.510222       0.950070        1.43069
       0.560897     0.00236124      0.0328573      0.0303546      0.0164306
       0.319067        1.18607        2.99259        4.32480        1.62970
        1.64979        29.6329        654.431        8365.17        23703.5
